/*--------------------------------*- C++ -*----------------------------------*\
| =========                 |                                                 |
| \\      /  F ield         | foam-extend: Open Source CFD                    |
|  \\    /   O peration     | Version:     4.1                                |
|   \\  /    A nd           | Web:         http://www.foam-extend.org         |
|    \\/     M anipulation  |                                                 |
\*---------------------------------------------------------------------------*/
FoamFile
{
    version     2.0;
    format      ascii;
    class       cellSet;
    location    "constant/polyMesh/sets";
    object      c1;
}
// * * * * * * * * * * * * * * * * * * * * * * * * * * * * * * * * * * * * * //


4352
(
32768 
32769 
32798 
32799 
32800 
32801 
32802 
32803 
32804 
32805 
32806 
32807 
32808 
32809 
32810 
32811 
32812 
32813 
32814 
32815 
32816 
32817 
32818 
32819 
32820 
32821 
32822 
32823 
32824 
32825 
32826 
32827 
32828 
32829 
32830 
32831 
32832 
32833 
32834 
32835 
32836 
32837 
32838 
32839 
32840 
32841 
32842 
32843 
32844 
32845 
32846 
32847 
32848 
32849 
32850 
32851 
32852 
32853 
32882 
32883 
32884 
32885 
32886 
32887 
32888 
32889 
32890 
32891 
32892 
32893 
32894 
32895 
32896 
32897 
32898 
32899 
32900 
32901 
32902 
32903 
32904 
32905 
32906 
32907 
32908 
32909 
32910 
32911 
32912 
32913 
32914 
32915 
32916 
32917 
32918 
32919 
32920 
32921 
32922 
32923 
32924 
32925 
32926 
32927 
32928 
32929 
32930 
32931 
32932 
32933 
32934 
32935 
32936 
32937 
33302 
33303 
33304 
33305 
33306 
33307 
33308 
33309 
33310 
33311 
33312 
33313 
33314 
33315 
33316 
33317 
33318 
33319 
33320 
33321 
33322 
33323 
33324 
33325 
33326 
33327 
33328 
33329 
33330 
33331 
33332 
33333 
33334 
33335 
33336 
33337 
33338 
33339 
33340 
33341 
33342 
33343 
33344 
33345 
33346 
33347 
33348 
33349 
33350 
33351 
33352 
33353 
33354 
33355 
33356 
33357 
33386 
33387 
33388 
33389 
33390 
33391 
33392 
33393 
33394 
33395 
33396 
33397 
33398 
33399 
33400 
33401 
33402 
33403 
33404 
33405 
33406 
33407 
33408 
33409 
33410 
33411 
33412 
33413 
33414 
33415 
33416 
33417 
33418 
33419 
33420 
33421 
33422 
33423 
33424 
33425 
33426 
33427 
33428 
33429 
33430 
33431 
33432 
33433 
33434 
33435 
33436 
33437 
33438 
33439 
33440 
33441 
33470 
33471 
33472 
33473 
33474 
33475 
33476 
33477 
33478 
33479 
33480 
33481 
33482 
33483 
33484 
33485 
33486 
33487 
33488 
33489 
33490 
33491 
33492 
33493 
33494 
33495 
33496 
33497 
33498 
33499 
33500 
33501 
33502 
33503 
33504 
33505 
33506 
33507 
33508 
33509 
33510 
33511 
33512 
33513 
33514 
33515 
33516 
33517 
33518 
33519 
33520 
33521 
33522 
33523 
33524 
33525 
33554 
33555 
33556 
33557 
33558 
33559 
33560 
33561 
33562 
33563 
33564 
33565 
33566 
33567 
33568 
33569 
33570 
33571 
33572 
33573 
33574 
33575 
33576 
33577 
33578 
33579 
33580 
33581 
33582 
33583 
33584 
33585 
33586 
33587 
33588 
33589 
33590 
33591 
33592 
33593 
33594 
33595 
33596 
33597 
33598 
33599 
33600 
33601 
33602 
33603 
33604 
33605 
33606 
33607 
33608 
33609 
33638 
33639 
33640 
33641 
33642 
33643 
33644 
33645 
33646 
33647 
33648 
33649 
33650 
33651 
33652 
33653 
33654 
33655 
33656 
33657 
33658 
33659 
33660 
33661 
33662 
33663 
33664 
33665 
33666 
33667 
33668 
33669 
33670 
33671 
33672 
33673 
33674 
33675 
33676 
33677 
33678 
33679 
33680 
33681 
33682 
33683 
33684 
33685 
33686 
33687 
33688 
33689 
33690 
33691 
33692 
33693 
33722 
33723 
33724 
33725 
33726 
33727 
33728 
33729 
33730 
33731 
33732 
33733 
33734 
33735 
33736 
33737 
33738 
33739 
33740 
33741 
33742 
33743 
33744 
33745 
33746 
33747 
33748 
33749 
33750 
33751 
33752 
33753 
33754 
33755 
33756 
33757 
33758 
33759 
33760 
33761 
33762 
33763 
33764 
33765 
33766 
33767 
33768 
33769 
33770 
33771 
33772 
33773 
33774 
33775 
33776 
33777 
33806 
33807 
33808 
33809 
33810 
33811 
33812 
33813 
33814 
33815 
33816 
33817 
33818 
33819 
33820 
33821 
33822 
33823 
33824 
33825 
33826 
33827 
33828 
33829 
33830 
33831 
33832 
33833 
33834 
33835 
33836 
33837 
33838 
33839 
33840 
33841 
33842 
33843 
33844 
33845 
33846 
33847 
33848 
33849 
33850 
33851 
33852 
33853 
33854 
33855 
33856 
33857 
33858 
33859 
33860 
33861 
33890 
33891 
33892 
33893 
33894 
33895 
33896 
33897 
33898 
33899 
33900 
33901 
33902 
33903 
33904 
33905 
33906 
33907 
33908 
33909 
33910 
33911 
33912 
33913 
33914 
33915 
33916 
33917 
33918 
33919 
33920 
33921 
33922 
33923 
33924 
33925 
33926 
33927 
33928 
33929 
33930 
33931 
33932 
33933 
33934 
33935 
33936 
33937 
33938 
33939 
33940 
33941 
33942 
33943 
33944 
33945 
3914 
3915 
3916 
3917 
3918 
3919 
3920 
3921 
3926 
3927 
3928 
3929 
3930 
3931 
3932 
3933 
3938 
3939 
3940 
3941 
3942 
3943 
3944 
3945 
3950 
3951 
3952 
3953 
3954 
3955 
3956 
3957 
3962 
3963 
3964 
3965 
3966 
3967 
3968 
3969 
3974 
3975 
3976 
3977 
3978 
3979 
3980 
3981 
3986 
3987 
3988 
3989 
3990 
3991 
3992 
3993 
3998 
3999 
4000 
4001 
4002 
4003 
4004 
4005 
4058 
4059 
4060 
4061 
4062 
4063 
4064 
4065 
4070 
4071 
4072 
4073 
4074 
4075 
4076 
4077 
4082 
4083 
4084 
4085 
4086 
4087 
4088 
4089 
4094 
4095 
4096 
4097 
4098 
4099 
4100 
4101 
4106 
4107 
4108 
4109 
4110 
4111 
4112 
4113 
4118 
4119 
4120 
4121 
4122 
4123 
4124 
4125 
4130 
4131 
4132 
4133 
4134 
4135 
4136 
4137 
4142 
4143 
4144 
4145 
4146 
4147 
4148 
4149 
4202 
4203 
4204 
4205 
4206 
4207 
4208 
4209 
4214 
4215 
4216 
4217 
4218 
4219 
4220 
4221 
4226 
4227 
4228 
4229 
4230 
4231 
4232 
4233 
4238 
4239 
4240 
4241 
4242 
4243 
4244 
4245 
4250 
4251 
4252 
4253 
4254 
4255 
4256 
4257 
4262 
4263 
4264 
4265 
4266 
4267 
4268 
4269 
4274 
4275 
4276 
4277 
4278 
4279 
4280 
4281 
4286 
4287 
4288 
4289 
4290 
4291 
4292 
4293 
4346 
4347 
4348 
4349 
4350 
4351 
4352 
4353 
4358 
4359 
4360 
4361 
4362 
4363 
4364 
4365 
4370 
4371 
4372 
4373 
4374 
4375 
4376 
4377 
4382 
4383 
4384 
4385 
4386 
4387 
4388 
4389 
4394 
4395 
4396 
4397 
4398 
4399 
4400 
4401 
4406 
4407 
4408 
4409 
4410 
4411 
4412 
4413 
4418 
4419 
4420 
4421 
4422 
4423 
4424 
4425 
4430 
4431 
4432 
4433 
4434 
4435 
4436 
4437 
4490 
4491 
4492 
4493 
4494 
4495 
4496 
4497 
4502 
4503 
4504 
4505 
4506 
4507 
4508 
4509 
4514 
4515 
4516 
4517 
4518 
4519 
4520 
4521 
4526 
4527 
4528 
4529 
4530 
4531 
4532 
4533 
4538 
4539 
4540 
4541 
4542 
4543 
4544 
4545 
4550 
4551 
4552 
4553 
4554 
4555 
4556 
4557 
4562 
4563 
4564 
4565 
4566 
4567 
4568 
4569 
4574 
4575 
4576 
4577 
4578 
4579 
4580 
4581 
4634 
4635 
4636 
4637 
4638 
4639 
4640 
4641 
4646 
4647 
4648 
4649 
4650 
4651 
4652 
4653 
4658 
4659 
4660 
4661 
4662 
4663 
4664 
4665 
4670 
4671 
4672 
4673 
4674 
4675 
4676 
4677 
4682 
4683 
4684 
4685 
4686 
4687 
4688 
4689 
4694 
4695 
4696 
4697 
4698 
4699 
4700 
4701 
4706 
4707 
4708 
4709 
4710 
4711 
4712 
4713 
4718 
4719 
4720 
4721 
4722 
4723 
4724 
4725 
4778 
4779 
4780 
4781 
4782 
4783 
4784 
4785 
4790 
4791 
4792 
4793 
4794 
4795 
4796 
4797 
4802 
4803 
4804 
4805 
4806 
4807 
4808 
4809 
4814 
4815 
4816 
4817 
4818 
4819 
4820 
4821 
4826 
4827 
4828 
4829 
4830 
4831 
4832 
4833 
4838 
4839 
4840 
4841 
4842 
4843 
4844 
4845 
4850 
4851 
4852 
4853 
4854 
4855 
4856 
4857 
4862 
4863 
4864 
4865 
4866 
4867 
4868 
4869 
4922 
4923 
4924 
4925 
4926 
4927 
4928 
4929 
4934 
4935 
4936 
4937 
4938 
4939 
4940 
4941 
4946 
4947 
4948 
4949 
4950 
4951 
4952 
4953 
4958 
4959 
4960 
4961 
4962 
4963 
4964 
4965 
4970 
4971 
4972 
4973 
4974 
4975 
4976 
4977 
4982 
4983 
4984 
4985 
4986 
4987 
4988 
4989 
4994 
4995 
4996 
4997 
4998 
4999 
5000 
5001 
5006 
5007 
5008 
5009 
5010 
5011 
5012 
5013 
25241 
25242 
25243 
25244 
25248 
25249 
25250 
25251 
25255 
25256 
25257 
25258 
25262 
25263 
25264 
25265 
25269 
25270 
25271 
25272 
25276 
25277 
25278 
25279 
25283 
25284 
25285 
25286 
25290 
25291 
25292 
25293 
25325 
25326 
25327 
25328 
25332 
25333 
25334 
25335 
25339 
25340 
25341 
25342 
25346 
25347 
25348 
25349 
25353 
25354 
25355 
25356 
25360 
25361 
25362 
25363 
25367 
25368 
25369 
25370 
25374 
25375 
25376 
25377 
25409 
25410 
25411 
25412 
25416 
25417 
25418 
25419 
25423 
25424 
25425 
25426 
25430 
25431 
25432 
25433 
25437 
25438 
25439 
25440 
25444 
25445 
25446 
25447 
25451 
25452 
25453 
25454 
25458 
25459 
25460 
25461 
25493 
25494 
25495 
25496 
25500 
25501 
25502 
25503 
25507 
25508 
25509 
25510 
25514 
25515 
25516 
25517 
25521 
25522 
25523 
25524 
25528 
25529 
25530 
25531 
25535 
25536 
25537 
25538 
25542 
25543 
25544 
25545 
25577 
25578 
25579 
25580 
25584 
25585 
25586 
25587 
25591 
25592 
25593 
25594 
25598 
25599 
25600 
25601 
25605 
25606 
25607 
25608 
25612 
25613 
25614 
25615 
25619 
25620 
25621 
25622 
25626 
25627 
25628 
25629 
25661 
25662 
25663 
25664 
25668 
25669 
25670 
25671 
25675 
25676 
25677 
25678 
25682 
25683 
25684 
25685 
25689 
25690 
25691 
25692 
25696 
25697 
25698 
25699 
25703 
25704 
25705 
25706 
25710 
25711 
25712 
25713 
25745 
25746 
25747 
25748 
25752 
25753 
25754 
25755 
25759 
25760 
25761 
25762 
25766 
25767 
25768 
25769 
25773 
25774 
25775 
25776 
25780 
25781 
25782 
25783 
25787 
25788 
25789 
25790 
25794 
25795 
25796 
25797 
25829 
25830 
25831 
25832 
25836 
25837 
25838 
25839 
25843 
25844 
25845 
25846 
25850 
25851 
25852 
25853 
25857 
25858 
25859 
25860 
25864 
25865 
25866 
25867 
25871 
25872 
25873 
25874 
25878 
25879 
25880 
25881 
26246 
26247 
26248 
26249 
26250 
26251 
26252 
26253 
26254 
26255 
26256 
26257 
26258 
26259 
26260 
26261 
26262 
26263 
26264 
26265 
26266 
26267 
26268 
26269 
26270 
26271 
26272 
26273 
26274 
26275 
26276 
26277 
26278 
26279 
26280 
26281 
26282 
26283 
26284 
26285 
26286 
26287 
26288 
26289 
26290 
26291 
26292 
26293 
26294 
26295 
26296 
26297 
26298 
26299 
26300 
26301 
26330 
26331 
26332 
26333 
26334 
26335 
26336 
26337 
26338 
26339 
26340 
26341 
26342 
26343 
26344 
26345 
26346 
26347 
26348 
26349 
26350 
26351 
26352 
26353 
26354 
26355 
26356 
26357 
26358 
26359 
26360 
26361 
26362 
26363 
26364 
26365 
26366 
26367 
26368 
26369 
26370 
26371 
26372 
26373 
26374 
26375 
26376 
26377 
26378 
26379 
26380 
26381 
26382 
26383 
26384 
26385 
26414 
26415 
26416 
26417 
26418 
26419 
26420 
26421 
26422 
26423 
26424 
26425 
26426 
26427 
26428 
26429 
26430 
26431 
26432 
26433 
26434 
26435 
26436 
26437 
26438 
26439 
26440 
26441 
26442 
26443 
26444 
26445 
26446 
26447 
26448 
26449 
26450 
26451 
26452 
26453 
26454 
26455 
26456 
26457 
26458 
26459 
26460 
26461 
26462 
26463 
26464 
26465 
26466 
26467 
26468 
26469 
26498 
26499 
26500 
26501 
26502 
26503 
26504 
26505 
26506 
26507 
26508 
26509 
26510 
26511 
26512 
26513 
26514 
26515 
26516 
26517 
26518 
26519 
26520 
26521 
26522 
26523 
26524 
26525 
26526 
26527 
26528 
26529 
26530 
26531 
26532 
26533 
26534 
26535 
26536 
26537 
26538 
26539 
26540 
26541 
26542 
26543 
26544 
26545 
26546 
26547 
26548 
26549 
26550 
26551 
26552 
26553 
26582 
26583 
26584 
26585 
26586 
26587 
26588 
26589 
26590 
26591 
26592 
26593 
26594 
26595 
26596 
26597 
26598 
26599 
26600 
26601 
26602 
26603 
26604 
26605 
26606 
26607 
26608 
26609 
26610 
26611 
26612 
26613 
26614 
26615 
26616 
26617 
26618 
26619 
26620 
26621 
26622 
26623 
26624 
26625 
26626 
26627 
26628 
26629 
26630 
26631 
26632 
26633 
26634 
26635 
26636 
26637 
26666 
26667 
26668 
26669 
26670 
26671 
26672 
26673 
26674 
26675 
26676 
26677 
26678 
26679 
26680 
26681 
26682 
26683 
26684 
26685 
26686 
26687 
26688 
26689 
26690 
26691 
26692 
26693 
26694 
26695 
26696 
26697 
26698 
26699 
26700 
26701 
26702 
26703 
26704 
26705 
26706 
26707 
26708 
26709 
26710 
26711 
26712 
26713 
26714 
26715 
26716 
26717 
26718 
26719 
26720 
26721 
26750 
26751 
26752 
26753 
26754 
26755 
26756 
26757 
26758 
26759 
26760 
26761 
26762 
26763 
26764 
26765 
26766 
26767 
26768 
26769 
26770 
26771 
26772 
26773 
26774 
26775 
26776 
26777 
26778 
26779 
26780 
26781 
26782 
26783 
26784 
26785 
26786 
26787 
26788 
26789 
26790 
26791 
26792 
26793 
26794 
26795 
26796 
26797 
26798 
26799 
26800 
26801 
26802 
26803 
26804 
26805 
26834 
26835 
26836 
26837 
26838 
26839 
26840 
26841 
26842 
26843 
26844 
26845 
26846 
26847 
26848 
26849 
26850 
26851 
26852 
26853 
26854 
26855 
26856 
26857 
26858 
26859 
26860 
26861 
26862 
26863 
26864 
26865 
26866 
26867 
26868 
26869 
26870 
26871 
26872 
26873 
26874 
26875 
26876 
26877 
26878 
26879 
26880 
26881 
26882 
26883 
26884 
26885 
26886 
26887 
26888 
26889 
27254 
27255 
27256 
27257 
27258 
27259 
27260 
27261 
27262 
27263 
27264 
27265 
27266 
27267 
27268 
27269 
27270 
27271 
27272 
27273 
27274 
27275 
27276 
27277 
27278 
27279 
27280 
27281 
27282 
27283 
27284 
27285 
27286 
27287 
27288 
27289 
27290 
27291 
27292 
27293 
27294 
27295 
27296 
27297 
27298 
27299 
27300 
27301 
27302 
27303 
27304 
27305 
27306 
27307 
27308 
27309 
27338 
27339 
27340 
27341 
27342 
27343 
27344 
27345 
27346 
27347 
27348 
27349 
27350 
27351 
27352 
27353 
27354 
27355 
27356 
27357 
27358 
27359 
27360 
27361 
27362 
27363 
27364 
27365 
27366 
27367 
27368 
27369 
27370 
27371 
27372 
27373 
27374 
27375 
27376 
27377 
27378 
27379 
27380 
27381 
27382 
27383 
27384 
27385 
27386 
27387 
27388 
27389 
27390 
27391 
27392 
27393 
27422 
27423 
27424 
27425 
27426 
27427 
27428 
27429 
27430 
27431 
27432 
27433 
27434 
27435 
27436 
27437 
27438 
27439 
27440 
27441 
27442 
27443 
27444 
27445 
27446 
27447 
27448 
27449 
27450 
27451 
27452 
27453 
27454 
27455 
27456 
27457 
27458 
27459 
27460 
27461 
27462 
27463 
27464 
27465 
27466 
27467 
27468 
27469 
27470 
27471 
27472 
27473 
27474 
27475 
27476 
27477 
27506 
27507 
27508 
27509 
27510 
27511 
27512 
27513 
27514 
27515 
27516 
27517 
27518 
27519 
27520 
27521 
27522 
27523 
27524 
27525 
27526 
27527 
27528 
27529 
27530 
27531 
27532 
27533 
27534 
27535 
27536 
27537 
27538 
27539 
27540 
27541 
27542 
27543 
27544 
27545 
27546 
27547 
27548 
27549 
27550 
27551 
27552 
27553 
27554 
27555 
27556 
27557 
27558 
27559 
27560 
27561 
27590 
27591 
27592 
27593 
27594 
27595 
27596 
27597 
27598 
27599 
27600 
27601 
27602 
27603 
27604 
27605 
27606 
27607 
27608 
27609 
27610 
27611 
27612 
27613 
27614 
27615 
27616 
27617 
27618 
27619 
27620 
27621 
27622 
27623 
27624 
27625 
27626 
27627 
27628 
27629 
27630 
27631 
27632 
27633 
27634 
27635 
27636 
27637 
27638 
27639 
27640 
27641 
27642 
27643 
27644 
27645 
27674 
27675 
27676 
27677 
27678 
27679 
27680 
27681 
27682 
27683 
27684 
27685 
27686 
27687 
27688 
27689 
27690 
27691 
27692 
27693 
27694 
27695 
27696 
27697 
27698 
27699 
27700 
27701 
27702 
27703 
27704 
27705 
27706 
27707 
27708 
27709 
27710 
27711 
27712 
27713 
27714 
27715 
27716 
27717 
27718 
27719 
27720 
27721 
27722 
27723 
27724 
27725 
27726 
27727 
27728 
27729 
27758 
27759 
27760 
27761 
27762 
27763 
27764 
27765 
27766 
27767 
27768 
27769 
27770 
27771 
27772 
27773 
27774 
27775 
27776 
27777 
27778 
27779 
27780 
27781 
27782 
27783 
27784 
27785 
27786 
27787 
27788 
27789 
27790 
27791 
27792 
27793 
27794 
27795 
27796 
27797 
27798 
27799 
27800 
27801 
27802 
27803 
27804 
27805 
27806 
27807 
27808 
27809 
27810 
27811 
27812 
27813 
27842 
27843 
27844 
27845 
27846 
27847 
27848 
27849 
27850 
27851 
27852 
27853 
27854 
27855 
27856 
27857 
27858 
27859 
27860 
27861 
27862 
27863 
27864 
27865 
27866 
27867 
27868 
27869 
27870 
27871 
27872 
27873 
27874 
27875 
27876 
27877 
27878 
27879 
27880 
27881 
27882 
27883 
27884 
27885 
27886 
27887 
27888 
27889 
27890 
27891 
27892 
27893 
27894 
27895 
27896 
27897 
28262 
28263 
28264 
28265 
28266 
28267 
28268 
28269 
28270 
28271 
28272 
28273 
28274 
28275 
28276 
28277 
28278 
28279 
28280 
28281 
28282 
28283 
28284 
28285 
28286 
28287 
28288 
28289 
28290 
28291 
28292 
28293 
28294 
28295 
28296 
28297 
28298 
28299 
28300 
28301 
28302 
28303 
28304 
28305 
28306 
28307 
28308 
28309 
28310 
28311 
28312 
28313 
28314 
28315 
28316 
28317 
28346 
28347 
28348 
28349 
28350 
28351 
28352 
28353 
28354 
28355 
28356 
28357 
28358 
28359 
28360 
28361 
28362 
28363 
28364 
28365 
28366 
28367 
28368 
28369 
28370 
28371 
28372 
28373 
28374 
28375 
28376 
28377 
28378 
28379 
28380 
28381 
28382 
28383 
28384 
28385 
28386 
28387 
28388 
28389 
28390 
28391 
28392 
28393 
28394 
28395 
28396 
28397 
28398 
28399 
28400 
28401 
28430 
28431 
28432 
28433 
28434 
28435 
28436 
28437 
28438 
28439 
28440 
28441 
28442 
28443 
28444 
28445 
28446 
28447 
28448 
28449 
28450 
28451 
28452 
28453 
28454 
28455 
28456 
28457 
28458 
28459 
28460 
28461 
28462 
28463 
28464 
28465 
28466 
28467 
28468 
28469 
28470 
28471 
28472 
28473 
28474 
28475 
28476 
28477 
28478 
28479 
28480 
28481 
28482 
28483 
28484 
28485 
28514 
28515 
28516 
28517 
28518 
28519 
28520 
28521 
28522 
28523 
28524 
28525 
28526 
28527 
28528 
28529 
28530 
28531 
28532 
28533 
28534 
28535 
28536 
28537 
28538 
28539 
28540 
28541 
28542 
28543 
28544 
28545 
28546 
28547 
28548 
28549 
28550 
28551 
28552 
28553 
28554 
28555 
28556 
28557 
28558 
28559 
28560 
28561 
28562 
28563 
28564 
28565 
28566 
28567 
28568 
28569 
28598 
28599 
28600 
28601 
28602 
28603 
28604 
28605 
28606 
28607 
28608 
28609 
28610 
28611 
28612 
28613 
28614 
28615 
28616 
28617 
28618 
28619 
28620 
28621 
28622 
28623 
28624 
28625 
28626 
28627 
28628 
28629 
28630 
28631 
28632 
28633 
28634 
28635 
28636 
28637 
28638 
28639 
28640 
28641 
28642 
28643 
28644 
28645 
28646 
28647 
28648 
28649 
28650 
28651 
28652 
28653 
28682 
28683 
28684 
28685 
28686 
28687 
28688 
28689 
28690 
28691 
28692 
28693 
28694 
28695 
28696 
28697 
28698 
28699 
28700 
28701 
28702 
28703 
28704 
28705 
28706 
28707 
28708 
28709 
28710 
28711 
28712 
28713 
28714 
28715 
28716 
28717 
28718 
28719 
28720 
28721 
28722 
28723 
28724 
28725 
28726 
28727 
28728 
28729 
28730 
28731 
28732 
28733 
28734 
28735 
28736 
28737 
28766 
28767 
28768 
28769 
28770 
28771 
28772 
28773 
28774 
28775 
28776 
28777 
28778 
28779 
28780 
28781 
28782 
28783 
28784 
28785 
28786 
28787 
28788 
28789 
28790 
28791 
28792 
28793 
28794 
28795 
28796 
28797 
28798 
28799 
28800 
28801 
28802 
28803 
28804 
28805 
28806 
28807 
28808 
28809 
28810 
28811 
28812 
28813 
28814 
28815 
28816 
28817 
28818 
28819 
28820 
28821 
28850 
28851 
28852 
28853 
28854 
28855 
28856 
28857 
28858 
28859 
28860 
28861 
28862 
28863 
28864 
28865 
28866 
28867 
28868 
28869 
28870 
28871 
28872 
28873 
28874 
28875 
28876 
28877 
28878 
28879 
28880 
28881 
28882 
28883 
28884 
28885 
28886 
28887 
28888 
28889 
28890 
28891 
28892 
28893 
28894 
28895 
28896 
28897 
28898 
28899 
28900 
28901 
28902 
28903 
28904 
28905 
29270 
29271 
29272 
29273 
29274 
29275 
29276 
29277 
29278 
29279 
29280 
29281 
29282 
29283 
29284 
29285 
29286 
29287 
29288 
29289 
29290 
29291 
29292 
29293 
29294 
29295 
29296 
29297 
29298 
29299 
29300 
29301 
29302 
29303 
29304 
29305 
29306 
29307 
29308 
29309 
29310 
29311 
29312 
29313 
29314 
29315 
29316 
29317 
29318 
29319 
29320 
29321 
29322 
29323 
29324 
29325 
29354 
29355 
29356 
29357 
29358 
29359 
29360 
29361 
29362 
29363 
29364 
29365 
29366 
29367 
29368 
29369 
29370 
29371 
29372 
29373 
29374 
29375 
29376 
29377 
29378 
29379 
29380 
29381 
29382 
29383 
29384 
29385 
29386 
29387 
29388 
29389 
29390 
29391 
29392 
29393 
29394 
29395 
29396 
29397 
29398 
29399 
29400 
29401 
29402 
29403 
29404 
29405 
29406 
29407 
29408 
29409 
29438 
29439 
29440 
29441 
29442 
29443 
29444 
29445 
29446 
29447 
29448 
29449 
29450 
29451 
29452 
29453 
29454 
29455 
29456 
29457 
29458 
29459 
29460 
29461 
29462 
29463 
29464 
29465 
29466 
29467 
29468 
29469 
29470 
29471 
29472 
29473 
29474 
29475 
29476 
29477 
29478 
29479 
29480 
29481 
29482 
29483 
29484 
29485 
29486 
29487 
29488 
29489 
29490 
29491 
29492 
29493 
29522 
29523 
29524 
29525 
29526 
29527 
29528 
29529 
29530 
29531 
29532 
29533 
29534 
29535 
29536 
29537 
29538 
29539 
29540 
29541 
29542 
29543 
29544 
29545 
29546 
29547 
29548 
29549 
29550 
29551 
29552 
29553 
29554 
29555 
29556 
29557 
29558 
29559 
29560 
29561 
29562 
29563 
29564 
29565 
29566 
29567 
29568 
29569 
29570 
29571 
29572 
29573 
29574 
29575 
29576 
29577 
29606 
29607 
29608 
29609 
29610 
29611 
29612 
29613 
29614 
29615 
29616 
29617 
29618 
29619 
29620 
29621 
29622 
29623 
29624 
29625 
29626 
29627 
29628 
29629 
29630 
29631 
29632 
29633 
29634 
29635 
29636 
29637 
29638 
29639 
29640 
29641 
29642 
29643 
29644 
29645 
29646 
29647 
29648 
29649 
29650 
29651 
29652 
29653 
29654 
29655 
29656 
29657 
29658 
29659 
29660 
29661 
29690 
29691 
29692 
29693 
29694 
29695 
29696 
29697 
29698 
29699 
29700 
29701 
29702 
29703 
29704 
29705 
29706 
29707 
29708 
29709 
29710 
29711 
29712 
29713 
29714 
29715 
29716 
29717 
29718 
29719 
29720 
29721 
29722 
29723 
29724 
29725 
29726 
29727 
29728 
29729 
29730 
29731 
29732 
29733 
29734 
29735 
29736 
29737 
29738 
29739 
29740 
29741 
29742 
29743 
29744 
29745 
29774 
29775 
29776 
29777 
29778 
29779 
29780 
29781 
29782 
29783 
29784 
29785 
29786 
29787 
29788 
29789 
29790 
29791 
29792 
29793 
29794 
29795 
29796 
29797 
29798 
29799 
29800 
29801 
29802 
29803 
29804 
29805 
29806 
29807 
29808 
29809 
29810 
29811 
29812 
29813 
29814 
29815 
29816 
29817 
29818 
29819 
29820 
29821 
29822 
29823 
29824 
29825 
29826 
29827 
29828 
29829 
29858 
29859 
29860 
29861 
29862 
29863 
29864 
29865 
29866 
29867 
29868 
29869 
29870 
29871 
29872 
29873 
29874 
29875 
29876 
29877 
29878 
29879 
29880 
29881 
29882 
29883 
29884 
29885 
29886 
29887 
29888 
29889 
29890 
29891 
29892 
29893 
29894 
29895 
29896 
29897 
29898 
29899 
29900 
29901 
29902 
29903 
29904 
29905 
29906 
29907 
29908 
29909 
29910 
29911 
29912 
29913 
30278 
30279 
30280 
30281 
30282 
30283 
30284 
30285 
30286 
30287 
30288 
30289 
30290 
30291 
30292 
30293 
30294 
30295 
30296 
30297 
30298 
30299 
30300 
30301 
30302 
30303 
30304 
30305 
30306 
30307 
30308 
30309 
30310 
30311 
30312 
30313 
30314 
30315 
30316 
30317 
30318 
30319 
30320 
30321 
30322 
30323 
30324 
30325 
30326 
30327 
30328 
30329 
30330 
30331 
30332 
30333 
30362 
30363 
30364 
30365 
30366 
30367 
30368 
30369 
30370 
30371 
30372 
30373 
30374 
30375 
30376 
30377 
30378 
30379 
30380 
30381 
30382 
30383 
30384 
30385 
30386 
30387 
30388 
30389 
30390 
30391 
30392 
30393 
30394 
30395 
30396 
30397 
30398 
30399 
30400 
30401 
30402 
30403 
30404 
30405 
30406 
30407 
30408 
30409 
30410 
30411 
30412 
30413 
30414 
30415 
30416 
30417 
30446 
30447 
30448 
30449 
30450 
30451 
30452 
30453 
30454 
30455 
30456 
30457 
30458 
30459 
30460 
30461 
30462 
30463 
30464 
30465 
30466 
30467 
30468 
30469 
30470 
30471 
30472 
30473 
30474 
30475 
30476 
30477 
30478 
30479 
30480 
30481 
30482 
30483 
30484 
30485 
30486 
30487 
30488 
30489 
30490 
30491 
30492 
30493 
30494 
30495 
30496 
30497 
30498 
30499 
30500 
30501 
30530 
30531 
30532 
30533 
30534 
30535 
30536 
30537 
30538 
30539 
30540 
30541 
30542 
30543 
30544 
30545 
30546 
30547 
30548 
30549 
30550 
30551 
30552 
30553 
30554 
30555 
30556 
30557 
30558 
30559 
30560 
30561 
30562 
30563 
30564 
30565 
30566 
30567 
30568 
30569 
30570 
30571 
30572 
30573 
30574 
30575 
30576 
30577 
30578 
30579 
30580 
30581 
30582 
30583 
30584 
30585 
30614 
30615 
30616 
30617 
30618 
30619 
30620 
30621 
30622 
30623 
30624 
30625 
30626 
30627 
30628 
30629 
30630 
30631 
30632 
30633 
30634 
30635 
30636 
30637 
30638 
30639 
30640 
30641 
30642 
30643 
30644 
30645 
30646 
30647 
30648 
30649 
30650 
30651 
30652 
30653 
30654 
30655 
30656 
30657 
30658 
30659 
30660 
30661 
30662 
30663 
30664 
30665 
30666 
30667 
30668 
30669 
30698 
30699 
30700 
30701 
30702 
30703 
30704 
30705 
30706 
30707 
30708 
30709 
30710 
30711 
30712 
30713 
30714 
30715 
30716 
30717 
30718 
30719 
30720 
30721 
30722 
30723 
30724 
30725 
30726 
30727 
30728 
30729 
30730 
30731 
30732 
30733 
30734 
30735 
30736 
30737 
30738 
30739 
30740 
30741 
30742 
30743 
30744 
30745 
30746 
30747 
30748 
30749 
30750 
30751 
30752 
30753 
30782 
30783 
30784 
30785 
30786 
30787 
30788 
30789 
30790 
30791 
30792 
30793 
30794 
30795 
30796 
30797 
30798 
30799 
30800 
30801 
30802 
30803 
30804 
30805 
30806 
30807 
30808 
30809 
30810 
30811 
30812 
30813 
30814 
30815 
30816 
30817 
30818 
30819 
30820 
30821 
30822 
30823 
30824 
30825 
30826 
30827 
30828 
30829 
30830 
30831 
30832 
30833 
30834 
30835 
30836 
30837 
30866 
30867 
30868 
30869 
30870 
30871 
30872 
30873 
30874 
30875 
30876 
30877 
30878 
30879 
30880 
30881 
30882 
30883 
30884 
30885 
30886 
30887 
30888 
30889 
30890 
30891 
30892 
30893 
30894 
30895 
30896 
30897 
30898 
30899 
30900 
30901 
30902 
30903 
30904 
30905 
30906 
30907 
30908 
30909 
30910 
30911 
30912 
30913 
30914 
30915 
30916 
30917 
30918 
30919 
30920 
30921 
31286 
31287 
31288 
31289 
31290 
31291 
31292 
31293 
31294 
31295 
31296 
31297 
31298 
31299 
31300 
31301 
31302 
31303 
31304 
31305 
31306 
31307 
31308 
31309 
31310 
31311 
31312 
31313 
31314 
31315 
31316 
31317 
31318 
31319 
31320 
31321 
31322 
31323 
31324 
31325 
31326 
31327 
31328 
31329 
31330 
31331 
31332 
31333 
31334 
31335 
31336 
31337 
31338 
31339 
31340 
31341 
31370 
31371 
31372 
31373 
31374 
31375 
31376 
31377 
31378 
31379 
31380 
31381 
31382 
31383 
31384 
31385 
31386 
31387 
31388 
31389 
31390 
31391 
31392 
31393 
31394 
31395 
31396 
31397 
31398 
31399 
31400 
31401 
31402 
31403 
31404 
31405 
31406 
31407 
31408 
31409 
31410 
31411 
31412 
31413 
31414 
31415 
31416 
31417 
31418 
31419 
31420 
31421 
31422 
31423 
31424 
31425 
31454 
31455 
31456 
31457 
31458 
31459 
31460 
31461 
31462 
31463 
31464 
31465 
31466 
31467 
31468 
31469 
31470 
31471 
31472 
31473 
31474 
31475 
31476 
31477 
31478 
31479 
31480 
31481 
31482 
31483 
31484 
31485 
31486 
31487 
31488 
31489 
31490 
31491 
31492 
31493 
31494 
31495 
31496 
31497 
31498 
31499 
31500 
31501 
31502 
31503 
31504 
31505 
31506 
31507 
31508 
31509 
31538 
31539 
31540 
31541 
31542 
31543 
31544 
31545 
31546 
31547 
31548 
31549 
31550 
31551 
31552 
31553 
31554 
31555 
31556 
31557 
31558 
31559 
31560 
31561 
31562 
31563 
31564 
31565 
31566 
31567 
31568 
31569 
31570 
31571 
31572 
31573 
31574 
31575 
31576 
31577 
31578 
31579 
31580 
31581 
31582 
31583 
31584 
31585 
31586 
31587 
31588 
31589 
31590 
31591 
31592 
31593 
31622 
31623 
31624 
31625 
31626 
31627 
31628 
31629 
31630 
31631 
31632 
31633 
31634 
31635 
31636 
31637 
31638 
31639 
31640 
31641 
31642 
31643 
31644 
31645 
31646 
31647 
31648 
31649 
31650 
31651 
31652 
31653 
31654 
31655 
31656 
31657 
31658 
31659 
31660 
31661 
31662 
31663 
31664 
31665 
31666 
31667 
31668 
31669 
31670 
31671 
31672 
31673 
31674 
31675 
31676 
31677 
31706 
31707 
31708 
31709 
31710 
31711 
31712 
31713 
31714 
31715 
31716 
31717 
31718 
31719 
31720 
31721 
31722 
31723 
31724 
31725 
31726 
31727 
31728 
31729 
31730 
31731 
31732 
31733 
31734 
31735 
31736 
31737 
31738 
31739 
31740 
31741 
31742 
31743 
31744 
31745 
31746 
31747 
31748 
31749 
31750 
31751 
31752 
31753 
31754 
31755 
31756 
31757 
31758 
31759 
31760 
31761 
31790 
31791 
31792 
31793 
31794 
31795 
31796 
31797 
31798 
31799 
31800 
31801 
31802 
31803 
31804 
31805 
31806 
31807 
31808 
31809 
31810 
31811 
31812 
31813 
31814 
31815 
31816 
31817 
31818 
31819 
31820 
31821 
31822 
31823 
31824 
31825 
31826 
31827 
31828 
31829 
31830 
31831 
31832 
31833 
31834 
31835 
31836 
31837 
31838 
31839 
31840 
31841 
31842 
31843 
31844 
31845 
31874 
31875 
31876 
31877 
31878 
31879 
31880 
31881 
31882 
31883 
31884 
31885 
31886 
31887 
31888 
31889 
31890 
31891 
31892 
31893 
31894 
31895 
31896 
31897 
31898 
31899 
31900 
31901 
31902 
31903 
31904 
31905 
31906 
31907 
31908 
31909 
31910 
31911 
31912 
31913 
31914 
31915 
31916 
31917 
31918 
31919 
31920 
31921 
31922 
31923 
31924 
31925 
31926 
31927 
31928 
31929 
32294 
32295 
32296 
32297 
32298 
32299 
32300 
32301 
32302 
32303 
32304 
32305 
32306 
32307 
32308 
32309 
32310 
32311 
32312 
32313 
32314 
32315 
32316 
32317 
32318 
32319 
32320 
32321 
32322 
32323 
32324 
32325 
32326 
32327 
32328 
32329 
32330 
32331 
32332 
32333 
32334 
32335 
32336 
32337 
32338 
32339 
32340 
32341 
32342 
32343 
32344 
32345 
32346 
32347 
32348 
32349 
32378 
32379 
32380 
32381 
32382 
32383 
32384 
32385 
32386 
32387 
32388 
32389 
32390 
32391 
32392 
32393 
32394 
32395 
32396 
32397 
32398 
32399 
32400 
32401 
32402 
32403 
32404 
32405 
32406 
32407 
32408 
32409 
32410 
32411 
32412 
32413 
32414 
32415 
32416 
32417 
32418 
32419 
32420 
32421 
32422 
32423 
32424 
32425 
32426 
32427 
32428 
32429 
32430 
32431 
32432 
32433 
32462 
32463 
32464 
32465 
32466 
32467 
32468 
32469 
32470 
32471 
32472 
32473 
32474 
32475 
32476 
32477 
32478 
32479 
32480 
32481 
32482 
32483 
32484 
32485 
32486 
32487 
32488 
32489 
32490 
32491 
32492 
32493 
32494 
32495 
32496 
32497 
32498 
32499 
32500 
32501 
32502 
32503 
32504 
32505 
32506 
32507 
32508 
32509 
32510 
32511 
32512 
32513 
32514 
32515 
32516 
32517 
32546 
32547 
32548 
32549 
32550 
32551 
32552 
32553 
32554 
32555 
32556 
32557 
32558 
32559 
32560 
32561 
32562 
32563 
32564 
32565 
32566 
32567 
32568 
32569 
32570 
32571 
32572 
32573 
32574 
32575 
32576 
32577 
32578 
32579 
32580 
32581 
32582 
32583 
32584 
32585 
32586 
32587 
32588 
32589 
32590 
32591 
32592 
32593 
32594 
32595 
32596 
32597 
32598 
32599 
32600 
32601 
32630 
32631 
32632 
32633 
32634 
32635 
32636 
32637 
32638 
32639 
32640 
32641 
32642 
32643 
32644 
32645 
32646 
32647 
32648 
32649 
32650 
32651 
32652 
32653 
32654 
32655 
32656 
32657 
32658 
32659 
32660 
32661 
32662 
32663 
32664 
32665 
32666 
32667 
32668 
32669 
32670 
32671 
32672 
32673 
32674 
32675 
32676 
32677 
32678 
32679 
32680 
32681 
32682 
32683 
32684 
32685 
32714 
32715 
32716 
32717 
32718 
32719 
32720 
32721 
32722 
32723 
32724 
32725 
32726 
32727 
32728 
32729 
32730 
32731 
32732 
32733 
32734 
32735 
32736 
32737 
32738 
32739 
32740 
32741 
32742 
32743 
32744 
32745 
32746 
32747 
32748 
32749 
32750 
32751 
32752 
32753 
32754 
32755 
32756 
32757 
32758 
32759 
32760 
32761 
32762 
32763 
32764 
32765 
32766 
32767 
)

// ************************************************************************* //
