/*--------------------------------*- C++ -*----------------------------------*\
| =========                 |                                                 |
| \\      /  F ield         | foam-extend: Open Source CFD                    |
|  \\    /   O peration     | Version:     4.1                                |
|   \\  /    A nd           | Web:         http://www.foam-extend.org         |
|    \\/     M anipulation  |                                                 |
\*---------------------------------------------------------------------------*/
FoamFile
{
    version     2.0;
    format      binary;
    class       cellSet;
    location    "constant/polyMesh/sets";
    object      c1;
}
// * * * * * * * * * * * * * * * * * * * * * * * * * * * * * * * * * * * * * //


1100
(
8257 
8261 
8263 
8264 
8267 
8268 
8270 
8271 
8274 
8275 
8277 
8278 
8281 
8282 
8284 
8285 
8288 
8289 
8291 
8295 
8311 
8313 
8315 
8317 
8318 
8319 
8320 
8321 
8322 
8323 
8324 
8325 
8326 
8327 
8328 
8329 
8330 
8331 
8332 
8333 
8334 
8335 
8336 
8337 
8338 
8339 
8340 
8341 
8342 
8343 
8344 
8345 
8347 
8349 
8351 
8367 
8369 
8371 
8373 
8374 
8375 
8376 
8377 
8378 
8379 
8380 
8381 
8382 
8383 
8384 
8385 
8386 
8387 
8388 
8389 
8390 
8391 
8392 
8393 
8394 
8395 
8396 
8397 
8398 
8399 
8400 
8401 
8403 
8405 
8407 
8423 
8425 
8427 
8429 
8430 
8431 
8432 
8433 
8434 
8435 
8436 
8437 
8438 
8439 
8440 
8441 
8442 
8443 
8444 
8445 
8446 
8447 
8448 
8449 
8450 
8451 
8452 
8453 
8454 
8455 
8456 
8457 
8459 
8461 
8463 
8479 
8481 
8483 
8485 
8486 
8487 
8488 
8489 
8490 
8491 
8492 
8493 
8494 
8495 
8496 
8497 
8498 
8499 
8500 
8501 
8502 
8503 
8504 
8505 
8506 
8507 
8508 
8509 
8510 
8511 
8512 
8513 
8515 
8517 
8519 
8535 
8539 
8542 
8545 
8546 
8549 
8552 
8553 
8556 
8559 
8560 
8563 
8566 
8567 
8573 
8705 
8709 
8711 
8712 
8715 
8716 
8718 
8719 
8722 
8723 
8725 
8726 
8729 
8730 
8732 
8733 
8736 
8737 
8739 
8743 
8759 
8761 
8763 
8765 
8766 
8767 
8768 
8769 
8770 
8771 
8772 
8773 
8774 
8775 
8776 
8777 
8778 
8779 
8780 
8781 
8782 
8783 
8784 
8785 
8786 
8787 
8788 
8789 
8790 
8791 
8792 
8793 
8795 
8797 
8799 
8815 
8817 
8819 
8821 
8822 
8823 
8824 
8825 
8826 
8827 
8828 
8829 
8830 
8831 
8832 
8833 
8834 
8835 
8836 
8837 
8838 
8839 
8840 
8841 
8842 
8843 
8844 
8845 
8846 
8847 
8848 
8849 
8851 
8853 
8855 
8871 
8873 
8875 
8877 
8878 
8879 
8880 
8881 
8882 
8883 
8884 
8885 
8886 
8887 
8888 
8889 
8890 
8891 
8892 
8893 
8894 
8895 
8896 
8897 
8898 
8899 
8900 
8901 
8902 
8903 
8904 
8905 
8907 
8909 
8911 
8927 
8929 
8931 
8933 
8934 
8935 
8936 
8937 
8938 
8939 
8940 
8941 
8942 
8943 
8944 
8945 
8946 
8947 
8948 
8949 
8950 
8951 
8952 
8953 
8954 
8955 
8956 
8957 
8958 
8959 
8960 
8961 
8963 
8965 
8967 
8983 
8987 
8990 
8993 
8994 
8997 
9000 
9001 
9004 
9007 
9008 
9011 
9014 
9015 
9021 
9153 
9157 
9159 
9160 
9163 
9164 
9166 
9167 
9170 
9171 
9173 
9174 
9177 
9178 
9180 
9181 
9184 
9185 
9187 
9191 
9207 
9209 
9211 
9213 
9214 
9215 
9216 
9217 
9218 
9219 
9220 
9221 
9222 
9223 
9224 
9225 
9226 
9227 
9228 
9229 
9230 
9231 
9232 
9233 
9234 
9235 
9236 
9237 
9238 
9239 
9240 
9241 
9243 
9245 
9247 
9263 
9265 
9267 
9269 
9270 
9271 
9272 
9273 
9274 
9275 
9276 
9277 
9278 
9279 
9280 
9281 
9282 
9283 
9284 
9285 
9286 
9287 
9288 
9289 
9290 
9291 
9292 
9293 
9294 
9295 
9296 
9297 
9299 
9301 
9303 
9319 
9321 
9323 
9325 
9326 
9327 
9328 
9329 
9330 
9331 
9332 
9333 
9334 
9335 
9336 
9337 
9338 
9339 
9340 
9341 
9342 
9343 
9344 
9345 
9346 
9347 
9348 
9349 
9350 
9351 
9352 
9353 
9355 
9357 
9359 
1170 
1171 
1172 
1173 
1174 
1178 
1179 
1180 
1181 
1182 
9375 
9377 
1186 
9379 
1187 
1188 
9381 
1189 
9382 
1190 
9383 
9384 
9385 
9386 
1194 
9387 
1195 
9388 
1196 
9389 
1197 
9390 
1198 
9391 
9392 
9393 
9394 
1202 
9395 
1203 
9396 
1204 
9397 
1205 
9398 
1206 
9399 
9400 
9401 
9402 
9403 
9404 
9405 
9406 
9407 
9408 
9409 
9411 
9413 
9415 
1234 
1235 
1236 
1237 
1238 
9431 
1242 
9435 
1243 
1244 
1245 
9438 
1246 
9441 
9442 
1250 
1251 
1252 
9445 
1253 
1254 
9448 
9449 
1258 
1259 
9452 
1260 
1261 
1262 
9455 
9456 
1266 
9459 
1267 
1268 
1269 
9462 
1270 
9463 
9469 
1298 
1299 
1300 
1301 
1302 
1306 
1307 
1308 
1309 
1310 
1314 
1315 
1316 
1317 
1318 
1322 
1323 
1324 
1325 
1326 
1330 
1331 
1332 
1333 
1334 
1362 
1363 
1364 
1365 
1366 
1370 
1371 
1372 
1373 
1374 
1378 
1379 
1380 
1381 
1382 
1386 
1387 
1388 
1389 
1390 
1394 
1395 
1396 
1397 
1398 
1426 
1427 
1428 
1429 
1430 
1434 
1435 
1436 
1437 
1438 
1442 
1443 
1444 
1445 
1446 
1450 
1451 
1452 
1453 
1454 
1458 
1459 
1460 
1461 
1462 
6917 
6923 
6924 
6930 
6931 
6937 
6938 
6944 
6945 
6951 
6971 
6973 
6977 
6978 
6979 
6980 
6984 
6985 
6986 
6987 
6991 
6992 
6993 
6994 
6998 
6999 
7000 
7001 
7005 
7007 
7027 
7029 
7033 
7034 
7035 
7036 
7040 
7041 
7042 
7043 
7047 
7048 
7049 
7050 
7054 
7055 
7056 
7057 
7061 
7063 
7083 
7085 
7089 
7090 
7091 
7092 
7096 
7097 
7098 
7099 
7103 
7104 
7105 
7106 
7110 
7111 
7112 
7113 
7117 
7119 
7139 
7141 
7145 
7146 
7147 
7148 
7152 
7153 
7154 
7155 
7159 
7160 
7161 
7162 
7166 
7167 
7168 
7169 
7173 
7175 
7195 
7201 
7202 
7208 
7209 
7215 
7216 
7222 
7223 
7229 
7361 
7365 
7367 
7368 
7371 
7372 
7374 
7375 
7378 
7379 
7381 
7382 
7385 
7386 
7388 
7389 
7392 
7393 
7395 
7399 
7415 
7417 
7419 
7421 
7422 
7423 
7424 
7425 
7426 
7427 
7428 
7429 
7430 
7431 
7432 
7433 
7434 
7435 
7436 
7437 
7438 
7439 
7440 
7441 
7442 
7443 
7444 
7445 
7446 
7447 
7448 
7449 
7451 
7453 
7455 
7471 
7473 
7475 
7477 
7478 
7479 
7480 
7481 
7482 
7483 
7484 
7485 
7486 
7487 
7488 
7489 
7490 
7491 
7492 
7493 
7494 
7495 
7496 
7497 
7498 
7499 
7500 
7501 
7502 
7503 
7504 
7505 
7507 
7509 
7511 
7527 
7529 
7531 
7533 
7534 
7535 
7536 
7537 
7538 
7539 
7540 
7541 
7542 
7543 
7544 
7545 
7546 
7547 
7548 
7549 
7550 
7551 
7552 
7553 
7554 
7555 
7556 
7557 
7558 
7559 
7560 
7561 
7563 
7565 
7567 
7583 
7585 
7587 
7589 
7590 
7591 
7592 
7593 
7594 
7595 
7596 
7597 
7598 
7599 
7600 
7601 
7602 
7603 
7604 
7605 
7606 
7607 
7608 
7609 
7610 
7611 
7612 
7613 
7614 
7615 
7616 
7617 
7619 
7621 
7623 
7639 
7643 
7646 
7649 
7650 
7653 
7656 
7657 
7660 
7663 
7664 
7667 
7670 
7671 
7677 
7809 
7813 
7815 
7816 
7819 
7820 
7822 
7823 
7826 
7827 
7829 
7830 
7833 
7834 
7836 
7837 
7840 
7841 
7843 
7847 
7863 
7865 
7867 
7869 
7870 
7871 
7872 
7873 
7874 
7875 
7876 
7877 
7878 
7879 
7880 
7881 
7882 
7883 
7884 
7885 
7886 
7887 
7888 
7889 
7890 
7891 
7892 
7893 
7894 
7895 
7896 
7897 
7899 
7901 
7903 
7919 
7921 
7923 
7925 
7926 
7927 
7928 
7929 
7930 
7931 
7932 
7933 
7934 
7935 
7936 
7937 
7938 
7939 
7940 
7941 
7942 
7943 
7944 
7945 
7946 
7947 
7948 
7949 
7950 
7951 
7952 
7953 
7955 
7957 
7959 
7975 
7977 
7979 
7981 
7982 
7983 
7984 
7985 
7986 
7987 
7988 
7989 
7990 
7991 
7992 
7993 
7994 
7995 
7996 
7997 
7998 
7999 
8000 
8001 
8002 
8003 
8004 
8005 
8006 
8007 
8008 
8009 
8011 
8013 
8015 
8031 
8033 
8035 
8037 
8038 
8039 
8040 
8041 
8042 
8043 
8044 
8045 
8046 
8047 
8048 
8049 
8050 
8051 
8052 
8053 
8054 
8055 
8056 
8057 
8058 
8059 
8060 
8061 
8062 
8063 
8064 
8065 
8067 
8069 
8071 
8087 
8091 
8094 
8097 
8098 
8101 
8104 
8105 
8108 
8111 
8112 
8115 
8118 
8119 
8125 
)

// ************************************************************************* //
